1 0 1626
2 1626 2823
3 4449 950
4 5399 1127
5 6526 15580
6 22106 6435
7 28541 13966
8 42507 739
9 43246 2772
10 46018 2055
11 48073 2612
12 50685 2788
13 53473 1781
14 55254 20067
15 75321 3575
16 78896 3557
17 82453 3398
18 85851 2106
19 87957 3365
20 91322 2550
21 93872 2912
22 96784 13933
23 110717 4111
24 114828 2763
25 117591 932
26 118523 20153
27 138676 3849
28 142525 28639
29 171164 4217
30 175381 7404
31 182785 9334
32 192119 30315
33 222434 19686
34 242120 619
35 242739 2327
36 245066 1617
37 246683 4968
38 251651 3318
39 254969 2503
40 257472 4594
41 262066 1147
42 263213 2006
43 265219 672
44 265891 424
45 266315 9922
46 276237 2303
47 278540 856
48 279396 30455
49 309851 3545
50 313396 934
51 314330 2588
52 316918 3126
53 320044 333
54 320377 7217
55 327594 19034
56 346628 5705
57 352333 1305
58 353638 2182
59 355820 2350
60 358170 2611
61 360781 2553
62 363334 1247
63 364581 9002
64 373583 3650
65 377233 2148
66 379381 2361
67 381742 22098
68 403840 855
69 404695 398
70 405093 3847
71 408940 1138
72 410078 3541
73 413619 3253
74 416872 1349
75 418221 2019
76 420240 2160
77 422400 1286
78 423686 1316
79 425002 3898
80 428900 555
81 429455 6473
82 435928 2577
83 438505 3675
84 442180 823
85 443003 1274
86 444277 2420
87 446697 692
88 447389 5020
89 452409 5326
90 457735 1320
91 459055 14612
92 473667 1112
93 474779 1333
94 476112 5251
95 481363 2518
96 483881 3105
97 486986 6890
98 493876 6222
99 500098 9220
100 509318 11714
101 521032 2090
102 523122 6519
103 529641 10047
104 539688 7725
105 547413 206
106 547619 242
107 547861 267
108 548128 194
109 548322 228
110 548550 206
111 548756 251
112 549007 5995
113 555002 1240
114 556242 4952
115 561194 9999
116 571193 3054
117 574247 2007
118 576254 2334
119 578588 1431
120 580019 1576
121 581595 3472
122 585067 15290
123 600357 7985
124 608342 3441
125 611783 6167
126 617950 2567
127 620517 3701
128 624218 2772
129 626990 9378
130 636368 1395
131 637763 192
132 637955 1943
133 639898 4988
134 644886 1413
135 646299 1709
136 648008 1847
137 649855 2887
138 652742 8180
139 660922 7531
140 668453 3502
141 671955 9762
142 681717 1656
143 683373 1666
144 685039 3773
145 688812 15104
146 703916 4144
147 708060 6521
148 714581 3509
149 718090 1227
150 719317 773
151 720090 510
152 720600 2870
153 723470 3640
154 727110 2746
155 729856 1224
156 731080 1004
157 732084 2156
158 734240 251
159 734491 206
160 734697 261
161 734958 11874
162 746832 5368
163 752200 5911
164 758111 1777
165 759888 22682
166 782570 6632
167 789202 9589
168 798791 1641
169 800432 3787
170 804219 483
171 804702 2122
172 806824 1138
173 807962 5193
174 813155 6666
175 819821 1429
176 821250 1783
177 823033 3425
178 826458 1969
179 828427 2113
180 830540 2087
181 832627 1468
182 834095 1118
183 835213 6326
184 841539 2403
185 843942 2624
186 846566 1424
187 847990 3921
188 851911 1491
189 853402 10457
190 863859 4111
191 867970 7214
192 875184 3371
193 878555 6507
194 885062 4384
195 889446 4673
196 894119 3005
197 897124 1332
198 898456 3085
199 901541 1681
200 903222 1727
201 904949 3365
202 908314 2076
203 910390 2141
204 912531 995
205 913526 1905
206 915431 3969
207 919400 2210
208 921610 5410
209 927020 1756
210 928776 1908
211 930684 2556
212 933240 2206
213 935446 2391
214 937837 2198
215 940035 1805
216 941840 2395
217 944235 6030
218 950265 4966
219 955231 1640
220 956871 13687
221 970558 5384
222 975942 988
223 976930 14517
224 991447 1866
225 993313 1617
226 994930 1107
227 996037 1529
228 997566 1776
229 999342 6090
230 1005432 3000
231 1008432 3090
232 1011522 2398
233 1013920 1966
234 1015886 2862
235 1018748 5415
236 1024163 15404
237 1039567 7251
238 1046818 3367
239 1050185 3246
240 1053431 2552
241 1055983 2972
242 1058955 1354
243 1060309 2309
244 1062618 5285
245 1067903 1623
246 1069526 1308
247 1070834 1716
248 1072550 2002
249 1074552 2076
250 1076628 2615
251 1079243 2040
252 1081283 1507
253 1082790 1501
254 1084291 1406
255 1085697 2502
256 1088199 2151
257 1090350 1013
258 1091363 5450
259 1096813 1982
260 1098795 1512
261 1100307 1867
262 1102174 1181
263 1103355 1188
264 1104543 3767
265 1108310 1033
266 1109343 2483
267 1111826 2242
268 1114068 3233
269 1117301 2598
270 1119899 30053
271 1149952 1107
272 1151059 1757
273 1152816 5120
274 1157936 1261
275 1159197 1661
276 1160858 1742
277 1162600 2421
278 1165021 1689
279 1166710 1593
280 1168303 2650
281 1170953 3233
282 1174186 4675
283 1178861 1795
284 1180656 966
285 1181622 1505
286 1183127 2065
287 1185192 1539
288 1186731 1811
289 1188542 1299
290 1189841 1918
291 1191759 1634
292 1193393 2729
293 1196122 1886
294 1198008 6166
295 1204174 2740
296 1206914 1415
297 1208329 1217
298 1209546 2699
299 1212245 1468
300 1213713 2328
301 1216041 1479
302 1217520 1351
303 1218871 2203
304 1221074 1532
305 1222606 1727
306 1224333 5231
307 1229564 2599
308 1232163 5621
309 1237784 1687
310 1239471 1309
311 1240780 2982
312 1243762 1614
313 1245376 2802
314 1248178 1306
315 1249484 873
316 1250357 1620
317 1251977 4008
318 1255985 3249
319 1259234 2998
320 1262232 3370
321 1265602 2725
322 1268327 1420
323 1269747 1383
324 1271130 897
325 1272027 2178
326 1274205 1640
327 1275845 1103
328 1276948 3337
329 1280285 3214
330 1283499 3791
331 1287290 1767
332 1289057 4885
333 1293942 3877
334 1297819 1780
335 1299599 1798
336 1301397 982
337 1302379 1283
338 1303662 998
339 1304660 1175
340 1305835 5099
341 1310934 2294
342 1313228 1868
343 1315096 1142
344 1316238 1305
345 1317543 1251
346 1318794 4196
347 1322990 1519
348 1324509 2702
349 1327211 2154
350 1329365 1112
351 1330477 1847
352 1332324 5012
353 1337336 2351
354 1339687 1312
355 1340999 5534
356 1346533 1257
357 1347790 1973
358 1349763 2681
359 1352444 2437
360 1354881 1233
361 1356114 6837
362 1362951 3186
363 1366137 2613
364 1368750 5261
365 1374011 1934
366 1375945 2589
367 1378534 4794
368 1383328 4747
369 1388075 4506
370 1392581 3107
371 1395688 7714
372 1403402 5832
373 1409234 3548
374 1412782 3363
375 1416145 2385
376 1418530 3514
377 1422044 2194
378 1424238 2059
379 1426297 9208
380 1435505 5429
381 1440934 5461
382 1446395 4879
383 1451274 8287
384 1459561 11972
385 1471533 6352
386 1477885 1453
387 1479338 1878
388 1481216 996
389 1482212 5320
390 1487532 2973
391 1490505 691
392 1491196 4211
393 1495407 836
394 1496243 3169
395 1499412 754
396 1500166 941
397 1501107 4249
398 1505356 3691
399 1509047 1296
400 1510343 1828
401 1512171 1169
402 1513340 1657
403 1514997 899
404 1515896 2519
405 1518415 4405
406 1522820 4703
407 1527523 1131
408 1528654 2263
409 1530917 977
410 1531894 1993
411 1533887 914
412 1534801 1214
413 1536015 1504
414 1537519 575
415 1538094 3986
416 1542080 1469
417 1543549 4832
418 1548381 2503
419 1550884 2087
420 1552971 2509
421 1555480 2260
422 1557740 3505
423 1561245 1693
424 1562938 1143
425 1564081 2627
426 1566708 2046
427 1568754 1916
428 1570670 4311
429 1574981 14617
430 1589598 2143
431 1591741 6606
432 1598347 13749
433 1612096 9080
434 1621176 3724
435 1624900 4625
436 1629525 3658
437 1633183 5690
438 1638873 1709
439 1640582 9114
440 1649696 4005
441 1653701 1910
442 1655611 9782
443 1665393 6505
444 1671898 2471
445 1674369 4547
446 1678916 7569
447 1686485 2104
448 1688589 3723
449 1692312 4331
450 1696643 1104
451 1697747 2232
452 1699979 6724
453 1706703 8230
454 1714933 3726
455 1718659 5031
456 1723690 3511
457 1727201 1899
458 1729100 1002
459 1730102 1421
460 1731523 1180
461 1732703 2109
462 1734812 1309
463 1736121 1748
464 1737869 1818
465 1739687 2192
466 1741879 1814
467 1743693 7677
468 1751370 18365
469 1769735 3889
470 1773624 4421
471 1778045 3356
472 1781401 3559
473 1784960 10523
474 1795483 4075
475 1799558 1229
476 1800787 904
477 1801691 1516
478 1803207 977
479 1804184 1985
480 1806169 4474
481 1810643 1642
482 1812285 6254
483 1818539 7710
484 1826249 2005
485 1828254 4015
486 1832269 2685
487 1834954 4783
488 1839737 4989
489 1844726 7987
490 1852713 4797
491 1857510 10051
492 1867561 2224
493 1869785 1629
494 1871414 2113
495 1873527 1888
496 1875415 2449
497 1877864 2907
498 1880771 2595
499 1883366 13314
500 1896680 2502
501 1899182 2273
502 1901455 2527
503 1903982 3099
504 1907081 1600
505 1908681 10173
506 1918854 9665
507 1928519 4733
508 1933252 7013
509 1940265 3673
510 1943938 3440
511 1947378 2860
512 1950238 5891
513 1956129 3097
514 1959226 5872
515 1965098 4786
516 1969884 13748
517 1983632 3844
518 1987476 2983
519 1990459 1637
520 1992096 8122
521 2000218 5705
522 2005923 12516
523 2018439 3829
524 2022268 2218
525 2024486 5481
526 2029967 5863
527 2035830 7941
528 2043771 10156
529 2053927 3616
530 2057543 3402
531 2060945 2198
532 2063143 398
533 2063541 3797
534 2067338 2044
535 2069382 1497
536 2070879 7392
537 2078271 1034
538 2079305 958
539 2080263 1691
540 2081954 3292
541 2085246 1839
542 2087085 4075
543 2091160 2184
544 2093344 4041
545 2097385 1411
546 2098796 4934
547 2103730 2616
548 2106346 1767
549 2108113 1990
550 2110103 1499
551 2111602 9669
552 2121271 2036
553 2123307 1870
554 2125177 3204
555 2128381 9555
556 2137936 3479
557 2141415 8395
558 2149810 2154
559 2151964 1743
560 2153707 1082
561 2154789 1495
562 2156284 1072
563 2157356 1385
564 2158741 5377
565 2164118 5009
566 2169127 2168
567 2171295 1755
568 2173050 4033
569 2177083 2336
570 2179419 2273
571 2181692 7687
572 2189379 1332
573 2190711 1491
574 2192202 4296
575 2196498 1280
576 2197778 1248
577 2199026 1425
578 2200451 1702
579 2202153 5200
580 2207353 2539
581 2209892 1389
582 2211281 10947
583 2222228 3845
584 2226073 9592
585 2235665 3801
586 2239466 1582
587 2241048 2129
588 2243177 7048
589 2250225 1880
590 2252105 7378
591 2259483 3402
592 2262885 1935
593 2264820 12903
594 2277723 5267
595 2282990 4692
596 2287682 1391
597 2289073 2489
598 2291562 2336
599 2293898 2168
600 2296066 3621
601 2299687 1395
602 2301082 11060
603 2312142 1184
604 2313326 686
605 2314012 4774
606 2318786 2055
607 2320841 1309
608 2322150 916
609 2323066 7427
610 2330493 3130
611 2333623 1909
612 2335532 985
613 2336517 1335
614 2337852 1370
615 2339222 542
616 2339764 3986
617 2343750 4635
618 2348385 4972
619 2353357 3259
620 2356616 2225
621 2358841 874
622 2359715 1259
623 2360974 1605
624 2362579 782
625 2363361 1699
626 2365060 12993
627 2378053 568
628 2378621 1856
629 2380477 2486
630 2382963 2337
631 2385300 2702
632 2388002 1664
633 2389666 2175
634 2391841 2211
635 2394052 2215
636 2396267 2150
637 2398417 2443
638 2400860 1248
639 2402108 3116
640 2405224 1574
641 2406798 721
642 2407519 1059
643 2408578 4334
644 2412912 5478
645 2418390 3034
646 2421424 3759
647 2425183 2141
648 2427324 13156
649 2440480 2532
650 2443012 1936
651 2444948 3640
652 2448588 3893
653 2452481 1914
654 2454395 6894
655 2461289 2526
656 2463815 4600
657 2468415 6994
658 2475409 1521
659 2476930 2502
660 2479432 2691
661 2482123 832
662 2482955 5379
663 2488334 287
664 2488621 856
665 2489477 3595
666 2493072 5944
667 2499016 1256
668 2500272 1403
669 2501675 3705
670 2505380 4601
671 2509981 2405
672 2512386 2221
673 2514607 3795
674 2518402 4079
675 2522481 947
676 2523428 2956
677 2526384 1158
678 2527542 1802
679 2529344 2021
680 2531365 3145
681 2534510 7162
682 2541672 8631
683 2550303 3985
684 2554288 4016
685 2558304 4646
686 2562950 3922
687 2566872 4649
688 2571521 1176
689 2572697 4235
690 2576932 2727
691 2579659 1735
692 2581394 1097
693 2582491 4059
694 2586550 3895
695 2590445 2909
696 2593354 1309
697 2594663 3185
698 2597848 7710
699 2605558 19093
700 2624651 2216
701 2626867 3804
702 2630671 1666
703 2632337 4272
704 2636609 5140
705 2641749 8873
706 2650622 3163
707 2653785 13396
708 2667181 3764
709 2670945 204
710 2671149 6394
711 2677543 8730
712 2686273 5787
713 2692060 2186
714 2694246 4994
715 2699240 1233
716 2700473 3883
717 2704356 6384
718 2710740 1684
719 2712424 3459
720 2715883 2825
721 2718708 6312
722 2725020 5415
723 2730435 1826
724 2732261 6774
725 2739035 3693
726 2742728 10454
727 2753182 7000
728 2760182 4582
729 2764764 3544
730 2768308 6472
731 2774780 9658
732 2784438 1612
733 2786050 2797
734 2788847 2420
735 2791267 4579
736 2795846 8733
737 2804579 1605
738 2806184 4835
739 2811019 3149
740 2814168 5182
741 2819350 5573
742 2824923 4707
743 2829630 5544
744 2835174 1886
745 2837060 3890
746 2840950 6088
747 2847038 2471
748 2849509 4443
749 2853952 980
750 2854932 797
751 2855729 4181
752 2859910 2678
753 2862588 2967
754 2865555 1261
755 2866816 1954
756 2868770 2327
757 2871097 2745
758 2873842 2313
759 2876155 1300
760 2877455 4708
761 2882163 4589
762 2886752 3586
763 2890338 3139
764 2893477 4113
765 2897590 4512
766 2902102 2782
767 2904884 3830
768 2908714 2317
769 2911031 1748
770 2912779 2306
771 2915085 3319
772 2918404 4091
773 2922495 1926
774 2924421 8741
775 2933162 2685
776 2935847 5324
777 2941171 5356
778 2946527 3696
779 2950223 4177
780 2954400 5939
781 2960339 3036
782 2963375 5469
783 2968844 1745
784 2970589 2628
785 2973217 5039
786 2978256 4796
787 2983052 3319
788 2986371 5427
789 2991798 5498
790 2997296 4285
791 3001581 2545
792 3004126 4419
793 3008545 7407
794 3015952 192
795 3016144 4738
796 3020882 177
797 3021059 909
798 3021968 800
799 3022768 2241
800 3025009 1786
801 3026795 944
802 3027739 1846
803 3029585 12144
804 3041729 4442
805 3046171 1888
806 3048059 6895
807 3054954 9988
808 3064942 1123
809 3066065 9952
810 3076017 3387
811 3079404 1409
812 3080813 3523
813 3084336 5373
814 3089709 4673
815 3094382 5548
816 3099930 3463
817 3103393 1742
818 3105135 788
819 3105923 2586
820 3108509 3947
821 3112456 3535
822 3115991 5176
823 3121167 5263
824 3126430 1321
825 3127751 9380
826 3137131 3295
827 3140426 601
828 3141027 1554
829 3142581 3326
830 3145907 1888
831 3147795 3283
832 3151078 5119
833 3156197 2138
834 3158335 5838
835 3164173 2308
836 3166481 4223
837 3170704 4924
838 3175628 2825
839 3178453 2714
840 3181167 1258
841 3182425 1114
842 3183539 869
843 3184408 989
844 3185397 1004
845 3186401 2368
846 3188769 1752
847 3190521 1161
848 3191682 911
849 3192593 1142
850 3193735 1366
851 3195101 1007
852 3196108 1958
853 3198066 2634
854 3200700 1284
855 3201984 2751
856 3204735 2827
857 3207562 1071
858 3208633 3636
859 3212269 4305
860 3216574 3341
861 3219915 5892
862 3225807 3310
863 3229117 931
864 3230048 2338
865 3232386 2323
866 3234709 805
867 3235514 5816
868 3241330 1245
869 3242575 885
870 3243460 1629
871 3245089 884
872 3245973 6428
873 3252401 837
874 3253238 3431
875 3256669 4048
876 3260717 1092
877 3261809 1813
878 3263622 1546
879 3265168 2507
880 3267675 1390
881 3269065 2921
882 3271986 2448
883 3274434 1579
884 3276013 1872
885 3277885 962
886 3278847 1969
887 3280816 2235
888 3283051 1965
889 3285016 1805
890 3286821 3208
891 3290029 3812
892 3293841 528
893 3294369 1116
894 3295485 821
895 3296306 2579
896 3298885 1068
897 3299953 2291
898 3302244 1873
899 3304117 1435
900 3305552 735
901 3306287 1688
902 3307975 2549
903 3310524 1577
904 3312101 2297
905 3314398 2400
906 3316798 2260
907 3319058 1078
908 3320136 2531
909 3322667 1437
910 3324104 4197
911 3328301 2120
912 3330421 1801
913 3332222 2260
914 3334482 4224
915 3338706 548
916 3339254 841
917 3340095 2575
918 3342670 4250
919 3346920 3569
920 3350489 915
921 3351404 4091
922 3355495 1232
923 3356727 2406
924 3359133 2665
925 3361798 1490
926 3363288 3275
927 3366563 1214
928 3367777 1790
929 3369567 4567
930 3374134 1093
931 3375227 1837
932 3377064 2159
933 3379223 223
934 3379446 4969
935 3384415 2643
936 3387058 2613
937 3389671 373
938 3390044 1539
939 3391583 1512
940 3393095 2201
941 3395296 1505
942 3396801 1093
943 3397894 2679
944 3400573 1027
945 3401600 341
946 3401941 4589
947 3406530 1296
948 3407826 905
949 3408731 3930
950 3412661 1352
951 3414013 3140
952 3417153 2635
953 3419788 548
954 3420336 1301
955 3421637 1250
956 3422887 2510
957 3425397 1209
958 3426606 8161
959 3434767 602
960 3435369 1347
961 3436716 7427
962 3444143 3880
963 3448023 3727
964 3451750 3479
965 3455229 7021
966 3462250 4934
967 3467184 1672
968 3468856 1606
969 3470462 2049
970 3472511 1354
971 3473865 518
972 3474383 1367
973 3475750 2309
974 3478059 4504
975 3482563 1550
976 3484113 11570
977 3495683 2065
978 3497748 828
979 3498576 930
980 3499506 1071
981 3500577 1836
982 3502413 727
983 3503140 11583
984 3514723 1794
985 3516517 2976
986 3519493 3757
987 3523250 961
988 3524211 1240
989 3525451 4774
990 3530225 322
991 3530547 7067
992 3537614 1054
993 3538668 1793
994 3540461 2578
995 3543039 1496
996 3544535 6691
997 3551226 3551
998 3554777 1018
999 3555795 3546
1000 3559341 1665
1001 3561006 3008
1002 3564014 1332
1003 3565346 521
1004 3565867 788
1005 3566655 4849
1006 3571504 1246
1007 3572750 6459
1008 3579209 2704
1009 3581913 456
1010 3582369 533
1011 3582902 1499
1012 3584401 2138
1013 3586539 2808
1014 3589347 3188
1015 3592535 1388
1016 3593923 1546
1017 3595469 1148
1018 3596617 1463
1019 3598080 2362
1020 3600442 603
1021 3601045 5681
1022 3606726 2565
1023 3609291 8595
1024 3617886 7418
1025 3625304 2432
1026 3627736 1476
1027 3629212 1656
1028 3630868 2689
1029 3633557 2597
1030 3636154 2268
1031 3638422 3079
1032 3641501 2085
1033 3643586 3003
1034 3646589 6971
1035 3653560 6377
1036 3659937 6788
1037 3666725 3960
1038 3670685 8141
1039 3678826 3132
1040 3681958 2999
1041 3684957 3041
1042 3687998 3452
1043 3691450 1543
1044 3692993 4787
1045 3697780 1760
1046 3699540 1534
1047 3701074 2480
1048 3703554 3631
1049 3707185 2079
1050 3709264 1474
1051 3710738 2827
1052 3713565 7833
1053 3721398 3348
1054 3724746 3641
1055 3728387 8890
1056 3737277 3749
1057 3741026 2840
1058 3743866 2217
1059 3746083 3583
1060 3749666 3510
1061 3753176 2086
1062 3755262 1615
1063 3756877 1809
1064 3758686 6375
1065 3765061 3214
1066 3768275 2250
1067 3770525 1875
1068 3772400 3437
1069 3775837 5519
1070 3781356 2020
1071 3783376 4165
1072 3787541 2729
1073 3790270 3772
1074 3794042 1761
1075 3795803 1552
1076 3797355 1561
1077 3798916 1633
1078 3800549 3663
1079 3804212 2748
1080 3806960 3975
1081 3810935 2394
1082 3813329 2408
1083 3815737 2602
1084 3818339 2385
1085 3820724 2547
1086 3823271 23266
1087 3846537 3227
1088 3849764 3629
1089 3853393 6331
1090 3859724 3100
1091 3862824 3308
1092 3866132 3421
1093 3869553 5248
1094 3874801 1623
1095 3876424 2600
1096 3879024 3430
1097 3882454 2461
1098 3884915 1089
1099 3886004 2372
1100 3888376 5092
1101 3893468 4236
1102 3897704 3027
1103 3900731 3786
1104 3904517 2648
1105 3907165 5429
1106 3912594 2536
1107 3915130 3798
1108 3918928 1108
1109 3920036 5323
1110 3925359 1451
1111 3926810 1223
1112 3928033 2053
1113 3930086 7452
1114 3937538 3338
1115 3940876 2546
1116 3943422 773
1117 3944195 3241
1118 3947436 778
1119 3948214 6228
1120 3954442 6370
1121 3960812 5748
1122 3966560 10759
1123 3977319 3804
1124 3981123 1595
1125 3982718 2160
1126 3984878 9595
1127 3994473 4323
1128 3998796 6396
1129 4005192 3059
1130 4008251 6109
1131 4014360 6090
1132 4020450 1704
1133 4022154 6483
1134 4028637 3286
1135 4031923 6721
1136 4038644 9045
1137 4047689 1436
1138 4049125 2921
1139 4052046 1786
1140 4053832 3362
1141 4057194 6024
1142 4063218 6804
1143 4070022 6314
1144 4076336 6436
1145 4082772 9711
1146 4092483 9752
1147 4102235 1192
1148 4103427 725
1149 4104152 1158
1150 4105310 3808
1151 4109118 680
1152 4109798 5538
1153 4115336 1403
1154 4116739 2792
1155 4119531 2329
1156 4121860 5539
1157 4127399 12229
1158 4139628 2608
1159 4142236 26097
1160 4168333 3722
1161 4172055 4047
1162 4176102 12442
1163 4188544 4413
1164 4192957 3903
1165 4196860 14663
1166 4211523 12285
1167 4223808 3687
1168 4227495 1648
1169 4229143 9114
1170 4238257 1815
1171 4240072 724
1172 4240796 3243
1173 4244039 2868
1174 4246907 5831
1175 4252738 9630
1176 4262368 4055
1177 4266423 1146
1178 4267569 1797
1179 4269366 5512
1180 4274878 4609
1181 4279487 4555
1182 4284042 4406
1183 4288448 1870
1184 4290318 4382
1185 4294700 3687
1186 4298387 6176
1187 4304563 4203
1188 4308766 1117
1189 4309883 746
1190 4310629 8856
1191 4319485 3966
1192 4323451 7019
1193 4330470 1524
1194 4331994 2490
1195 4334484 1099
1196 4335583 1037
1197 4336620 1028
1198 4337648 5339
1199 4342987 11011
1200 4353998 759
1201 4354757 678
1202 4355435 4030
1203 4359465 10102
1204 4369567 3122
1205 4372689 864
1206 4373553 695
1207 4374248 639
1208 4374887 738
1209 4375625 12311
1210 4387936 11204
1211 4399140 222
1212 4399362 222
1213 4399584 243
1214 4399827 234
1215 4400061 207
1216 4400268 248
1217 4400516 247
1218 4400763 247
1219 4401010 246
1220 4401256 249
1221 4401505 240
1222 4401745 222
1223 4401967 205
1224 4402172 210
1225 4402382 232
1226 4402614 229
1227 4402843 251
1228 4403094 226
1229 4403320 207
1230 4403527 213
1231 4403740 228
1232 4403968 222
1233 4404190 242
1234 4404432 243
1235 4404675 247
1236 4404922 243
1237 4405165 207
1238 4405372 235
1239 4405607 249
1240 4405856 229
1241 4406085 247
1242 4406332 222
1243 4406554 241
1244 4406795 246
1245 4407041 243
1246 4407284 250
1247 4407534 226
1248 4407760 253
1249 4408013 245
1250 4408258 248
1251 4408506 249
1252 4408755 243
1253 4408998 241
1254 4409239 236
1255 4409475 228
1256 4409703 213
1257 4409916 248
1258 4410164 240
1259 4410404 216
1260 4410620 201
1261 4410821 3351
1262 4414172 3702
1263 4417874 6368
1264 4424242 1499
1265 4425741 2696
1266 4428437 2105
1267 4430542 3120
1268 4433662 1614
1269 4435276 8526
1270 4443802 3515
1271 4447317 3402
1272 4450719 1377
1273 4452096 7927
1274 4460023 8211
1275 4468234 8648
1276 4476882 5697
1277 4482579 7430
1278 4490009 7093
1279 4497102 5502
1280 4502604 1806
1281 4504410 6435
1282 4510845 9047
1283 4519892 3875
1284 4523767 4604
1285 4528371 2738
1286 4531109 2408
1287 4533517 3872
1288 4537389 4820
1289 4542209 4273
1290 4546482 3258
1291 4549740 7063
1292 4556803 8499
1293 4565302 2807
1294 4568109 656
1295 4568765 4200
1296 4572965 8146
1297 4581111 8347
1298 4589458 5418
1299 4594876 2423
1300 4597299 7608
1301 4604907 6652
1302 4611559 2909
1303 4614468 3063
1304 4617531 7573
1305 4625104 1050
1306 4626154 1803
1307 4627957 6951
1308 4634908 1041
1309 4635949 9640
1310 4645589 3803
1311 4649392 14792
1312 4664184 4465
1313 4668649 6508
1314 4675157 3875
1315 4679032 1868
1316 4680900 5087
1317 4685987 1115
1318 4687102 4004
1319 4691106 3495
1320 4694601 3684
1321 4698285 2473
1322 4700758 1270
1323 4702028 7021
1324 4709049 7306
1325 4716355 3338
1326 4719693 2156
1327 4721849 6295
1328 4728144 839
1329 4728983 3590
1330 4732573 1032
1331 4733605 1571
1332 4735176 2017
1333 4737193 952
1334 4738145 1936
1335 4740081 3821
1336 4743902 2250
1337 4746152 1514
1338 4747666 2668
1339 4750334 1275
1340 4751609 7965
1341 4759574 2840
1342 4762414 1440
1343 4763854 3051
1344 4766905 2798
1345 4769703 939
1346 4770642 1504
1347 4772146 3010
1348 4775156 8789
1349 4783945 1634
1350 4785579 2000
1351 4787579 6263
1352 4793842 2088
1353 4795930 1576
1354 4797506 3157
1355 4800663 4069
1356 4804732 2693
1357 4807425 2892
1358 4810317 1046
1359 4811363 1428
1360 4812791 5515
1361 4818306 1656
1362 4819962 2090
1363 4822052 5818
1364 4827870 6790
1365 4834660 1230
1366 4835890 1529
1367 4837419 366
1368 4837785 2208
1369 4839993 1751
1370 4841744 2955
1371 4844699 1229
1372 4845928 1969
1373 4847897 931
1374 4848828 2976
1375 4851804 6895
1376 4858699 2670
1377 4861369 1572
1378 4862941 1777
1379 4864718 1714
1380 4866432 969
1381 4867401 8968
1382 4876369 5619
1383 4881988 5677
1384 4887665 5494
1385 4893159 6751
1386 4899910 2082
1387 4901992 19465
1388 4921457 7689
1389 4929146 1828
1390 4930974 3044
1391 4934018 1866
1392 4935884 2701
1393 4938585 4183
1394 4942768 1421
1395 4944189 603
1396 4944792 6580
1397 4951372 2424
1398 4953796 1837
1399 4955633 3355
1400 4958988 1897
1401 4960885 13767
1402 4974652 1648
1403 4976300 3039
1404 4979339 2376
1405 4981715 2840
1406 4984555 18382
1407 5002937 1984
1408 5004921 3149
1409 5008070 2466
1410 5010536 7802
1411 5018338 2679
1412 5021017 2030
1413 5023047 6233
1414 5029280 4261
1415 5033541 4381
1416 5037922 3850
1417 5041772 6903
1418 5048675 3620
1419 5052295 3300
1420 5055595 4640
1421 5060235 5282
1422 5065517 4459
1423 5069976 3435
1424 5073411 4137
1425 5077548 1155
1426 5078703 7963
1427 5086666 4587
1428 5091253 4405
1429 5095658 4390
1430 5100048 4102
1431 5104150 5580
1432 5109730 7814
1433 5117544 2362
1434 5119906 2143
1435 5122049 2966
1436 5125015 2960
1437 5127975 4630
1438 5132605 5445
1439 5138050 3184
1440 5141234 4104
1441 5145338 5476
1442 5150814 4698
1443 5155512 5134
1444 5160646 2506
1445 5163152 2744
1446 5165896 2984
1447 5168880 8278
1448 5177158 1244
1449 5178402 786
1450 5179188 219
1451 5179407 4164
1452 5183571 3360
1453 5186931 1560
1454 5188491 9965
1455 5198456 3084
1456 5201540 8771
1457 5210311 3979
1458 5214290 5261
1459 5219551 4948
1460 5224499 8600
1461 5233099 4813
1462 5237912 3936
1463 5241848 537
1464 5242385 4702
1465 5247087 4410
1466 5251497 3830
1467 5255327 5841
1468 5261168 7233
1469 5268401 6485
1470 5274886 2589
1471 5277475 3376
1472 5280851 983
1473 5281834 22927
1474 5304761 18597
1475 5323358 2599
1476 5325957 8493
1477 5334450 1662
1478 5336112 2410
1479 5338522 7152
1480 5345674 3355
1481 5349029 11030
1482 5360059 2891
1483 5362950 3527
1484 5366477 3238
1485 5369715 4852
1486 5374567 7281
1487 5381848 6919
1488 5388767 6208
1489 5394975 1090
1490 5396065 2801
1491 5398866 3462
1492 5402328 1062
1493 5403390 2453
1494 5405843 1569
1495 5407412 6360
1496 5413772 13641
1497 5427413 2113
1498 5429526 12969
1499 5442495 6486
1500 5448981 2894
1501 5451875 1979
1502 5453854 9061
1503 5462915 6580
1504 5469495 2496
1505 5471991 6462
1506 5478453 1606
1507 5480059 3094
1508 5483153 1195
1509 5484348 600
1510 5484948 1586
1511 5486534 1657
1512 5488191 1583
1513 5489774 8837
1514 5498611 7800
1515 5506411 4452
1516 5510863 2943
1517 5513806 626
1518 5514432 7708
1519 5522140 4066
1520 5526206 12573
1521 5538779 4947
1522 5543726 2546
1523 5546272 3922
1524 5550194 16226
1525 5566420 6332
1526 5572752 2643
1527 5575395 322
1528 5575717 2372
1529 5578089 3879
1530 5581968 2841
1531 5584809 13584
1532 5598393 7955
1533 5606348 1932
1534 5608280 2803
1535 5611083 1954
1536 5613037 1872
1537 5614909 3494
1538 5618403 2239
1539 5620642 3081
1540 5623723 2014
1541 5625737 1852
1542 5627589 2214
1543 5629803 2960
1544 5632763 2880
1545 5635643 1953
1546 5637596 2238
1547 5639834 2213
1548 5642047 1851
1549 5643898 2013
1550 5645911 2627
1551 5648538 3344
1552 5651882 2191
1553 5654073 1934
1554 5656007 1797
1555 5657804 2109
1556 5659913 4525
1557 5664438 3921
1558 5668359 3823
1559 5672182 3030
1560 5675212 2475
1561 5677687 2590
1562 5680277 2355
1563 5682632 2396
1564 5685028 4525
1565 5689553 337
1566 5689890 5888
1567 5695778 3921
1568 5699699 3823
1569 5703522 9977
1570 5713499 2831
1571 5716330 983
1572 5717313 4447
1573 5721760 7195
1574 5728955 322
1575 5729277 3222
1576 5732499 2695
1577 5735194 2402
1578 5737596 2621
1579 5740217 3592
1580 5743809 4377
1581 5748186 2634
1582 5750820 5015
1583 5755835 2773
1584 5758608 8251
1585 5766859 2776
1586 5769635 6311
1587 5775946 2470
1588 5778416 1243
1589 5779659 17864
1590 5797523 9897
1591 5807420 2984
1592 5810404 3267
1593 5813671 5911
1594 5819582 3506
1595 5823088 1965
1596 5825053 3103
1597 5828156 4518
1598 5832674 4399
1599 5837073 3743
1600 5840816 3015
1601 5843831 24599
1602 5868430 11356
1603 5879786 16348
1604 5896134 30751
1605 5926885 3809
1606 5930694 3698
1607 5934392 2017
1608 5936409 3233
1609 5939642 2878
1610 5942520 7594
1611 5950114 427
1612 5950541 529
1613 5951070 11277
1614 5962347 4508
1615 5966855 3693
1616 5970548 9043
1617 5979591 3424
1618 5983015 2068
1619 5985083 2018
1620 5987101 7148
1621 5994249 6481
1622 6000730 3707
1623 6004437 2263
1624 6006700 14986
1625 6021686 6431
1626 6028117 1345
1627 6029462 1992
1628 6031454 2954
1629 6034408 2601
1630 6037009 2153
1631 6039162 1605
1632 6040767 757
1633 6041524 1407
1634 6042931 751
1635 6043682 403
1636 6044085 4004
1637 6048089 3941
1638 6052030 3079
1639 6055109 4181
1640 6059290 7624
1641 6066914 5454
1642 6072368 1372
1643 6073740 5343
1644 6079083 1189
1645 6080272 945
1646 6081217 1875
1647 6083092 2436
1648 6085528 5513
1649 6091041 2527
1650 6093568 8117
1651 6101685 2487
1652 6104172 932
1653 6105104 863
1654 6105967 1659
1655 6107626 2255
1656 6109881 7303
1657 6117184 1657
1658 6118841 4785
1659 6123626 2473
1660 6126099 3654
1661 6129753 2709
1662 6132462 6985
1663 6139447 2320
1664 6141767 3039
1665 6144806 4621
1666 6149427 2539
1667 6151966 2901
1668 6154867 1922
1669 6156789 1291
1670 6158080 4754
1671 6162834 1651
1672 6164485 1020
1673 6165505 1619
1674 6167124 1817
1675 6168941 4626
1676 6173567 1690
1677 6175257 2702
1678 6177959 9366
1679 6187325 1894
1680 6189219 2651
1681 6191870 9107
1682 6200977 3568
1683 6204545 6175
1684 6210720 3386
1685 6214106 2973
1686 6217079 7899
1687 6224978 1751
1688 6226729 2218
1689 6228947 1664
1690 6230611 980
1691 6231591 1696
1692 6233287 15096
1693 6248383 3160
1694 6251543 1428
1695 6252971 7705
1696 6260676 2009
1697 6262685 2131
1698 6264816 1801
1699 6266617 1703
1700 6268320 2094
1701 6270414 1174
1702 6271588 5121
1703 6276709 9806
1704 6286515 1667
1705 6288182 756
1706 6288938 741
1707 6289679 2935
1708 6292614 1885
1709 6294499 3197
1710 6297696 2907
1711 6300603 2970
1712 6303573 2452
1713 6306025 2552
1714 6308577 868
1715 6309445 1610
1716 6311055 5844
1717 6316899 2592
1718 6319491 1302
1719 6320793 2059
1720 6322852 1594
1721 6324446 2912
1722 6327358 5817
1723 6333175 1209
1724 6334384 2836
1725 6337220 1858
1726 6339078 1251
1727 6340329 1135
1728 6341464 1792
1729 6343256 6006
1730 6349262 1816
1731 6351078 3454
1732 6354532 1609
1733 6356141 627
1734 6356768 2718
1735 6359486 913
1736 6360399 5775
1737 6366174 5225
1738 6371399 1627
1739 6373026 778
1740 6373804 807
1741 6374611 2499
1742 6377110 5814
1743 6382924 3753
1744 6386677 3729
1745 6390406 3687
1746 6394093 3782
1747 6397875 3836
1748 6401711 3864
1749 6405575 4068
1750 6409643 3885
1751 6413528 3810
1752 6417338 3834
1753 6421172 3852
1754 6425024 3771
1755 6428795 3810
1756 6432605 3828
1757 6436433 3824
1758 6440257 3871
1759 6444128 3710
1760 6447838 643
1761 6448481 5834
1762 6454315 699
1763 6455014 2819
1764 6457833 2882
1765 6460715 1107
1766 6461822 1290
1767 6463112 7595
1768 6470707 1499
1769 6472206 2311
1770 6474517 2111
1771 6476628 1472
1772 6478100 998
1773 6479098 1717
1774 6480815 2637
1775 6483452 1924
1776 6485376 17055
1777 6502431 1561
1778 6503992 4862
1779 6508854 2123
1780 6510977 2834
1781 6513811 6294
1782 6520105 4048
1783 6524153 2056
1784 6526209 1227
1785 6527436 4673
1786 6532109 868
1787 6532977 2132
1788 6535109 4197
1789 6539306 4710
1790 6544016 9252
1791 6553268 4145
1792 6557413 859
1793 6558272 824
1794 6559096 923
1795 6560019 1067
1796 6561086 3772
1797 6564858 2440
1798 6567298 2065
1799 6569363 2535
1800 6571898 3461
1801 6575359 2487
1802 6577846 2542
1803 6580388 20291
1804 6600679 8422
1805 6609101 4395
1806 6613496 4499
1807 6617995 4168
1808 6622163 1558
1809 6623721 4510
1810 6628231 1388
1811 6629619 1206
1812 6630825 1504
1813 6632329 7452
1814 6639781 2204
1815 6641985 18051
1816 6660036 8904
1817 6668940 5701
1818 6674641 4049
1819 6678690 3586
1820 6682276 2078
1821 6684354 16398
1822 6700752 4485
1823 6705237 1178
1824 6706415 1952
1825 6708367 1378
1826 6709745 8201
1827 6717946 5197
1828 6723143 6869
1829 6730012 1954
1830 6731966 8230
1831 6740196 7587
1832 6747783 8531
1833 6756314 5003
1834 6761317 6770
1835 6768087 15117
1836 6783204 5107
1837 6788311 1395
1838 6789706 1596
1839 6791302 2178
1840 6793480 1372
1841 6794852 843
1842 6795695 6397
1843 6802092 2158
1844 6804250 8323
1845 6812573 4249
1846 6816822 1902
1847 6818724 5263
1848 6823987 5495
1849 6829482 9142
1850 6838624 4718
1851 6843342 9551
1852 6852893 3798
1853 6856691 1099
1854 6857790 1451
1855 6859241 1384
1856 6860625 9105
1857 6869730 322
1858 6870052 1754
1859 6871806 794
1860 6872600 1481
1861 6874081 12579
1862 6886660 8059
1863 6894719 4104
1864 6898823 5026
1865 6903849 4489
1866 6908338 8966
1867 6917304 2243
1868 6919547 5390
1869 6924937 2951
1870 6927888 3136
1871 6931024 1707
1872 6932731 8117
1873 6940848 3715
1874 6944563 14197
1875 6958760 3308
1876 6962068 3902
1877 6965970 4338
1878 6970308 11618
1879 6981926 955
1880 6982881 8029
1881 6990910 6291
1882 6997201 807
1883 6998008 5707
1884 7003715 15725
1885 7019440 941
1886 7020381 6090
1887 7026471 702
1888 7027173 5286
1889 7032459 8087
1890 7040546 1466
1891 7042012 4388
1892 7046400 726
1893 7047126 8938
1894 7056064 1385
1895 7057449 6554
1896 7064003 4249
1897 7068252 3064
1898 7071316 8659
1899 7079975 7546
1900 7087521 5454
1901 7092975 17886
1902 7110861 2783
1903 7113644 3797
1904 7117441 5422
1905 7122863 5260
1906 7128123 6740
1907 7134863 4693
1908 7139556 8967
1909 7148523 5497
1910 7154020 7458
1911 7161478 5662
1912 7167140 5372
1913 7172512 4479
1914 7176991 4974
1915 7181965 4332
1916 7186297 4384
1917 7190681 5360
1918 7196041 1271
1919 7197312 4023
1920 7201335 19886
1921 7221221 3723
1922 7224944 6347
1923 7231291 4692
1924 7235983 2828
1925 7238811 3495
1926 7242306 3928
1927 7246234 3482
1928 7249716 4291
1929 7254007 11930
1930 7265937 4258
1931 7270195 8233
1932 7278428 7877
1933 7286305 8017
1934 7294322 7324
1935 7301646 1643
1936 7303289 5266
1937 7308555 16463
1938 7325018 4622
1939 7329640 9463
1940 7339103 5323
1941 7344426 4211
1942 7348637 4800
1943 7353437 4045
1944 7357482 10523
1945 7368005 5569
1946 7373574 4127
1947 7377701 3177
1948 7380878 3760
1949 7384638 3935
1950 7388573 3327
1951 7391900 3432
1952 7395332 18445
1953 7413777 4822
1954 7418599 5378
1955 7423977 3413
1956 7427390 11489
1957 7438879 7891
1958 7446770 19553
1959 7466323 5469
1960 7471792 1244
1961 7473036 2141
1962 7475177 2885
1963 7478062 3680
1964 7481742 19368
1965 7501110 19791
1966 7520901 4366
1967 7525267 4312
1968 7529579 3536
1969 7533115 12579
1970 7545694 6799
1971 7552493 25801
1972 7578294 11242
1973 7589536 7109
1974 7596645 1565
1975 7598210 5962
1976 7604172 6366
1977 7610538 23605
1978 7634143 1581
1979 7635724 2824
1980 7638548 6372
1981 7644920 3600
1982 7648520 6877
1983 7655397 10199
1984 7665596 2195
1985 7667791 3692
1986 7671483 2353
1987 7673836 3725
1988 7677561 2964
1989 7680525 3791
1990 7684316 1639
1991 7685955 10156
1992 7696111 2161
1993 7698272 5004
1994 7703276 2437
1995 7705713 1531
1996 7707244 7975
1997 7715219 6812
1998 7722031 4470
1999 7726501 9635
2000 7736136 6430
2001 7742566 5755
2002 7748321 2895
2003 7751216 5700
2004 7756916 10468
2005 7767384 4333
2006 7771717 6183
2007 7777900 4657
2008 7782557 2294
2009 7784851 3449
2010 7788300 8924
2011 7797224 1825
2012 7799049 5760
2013 7804809 4067
2014 7808876 4072
2015 7812948 2630
2016 7815578 386
2017 7815964 1875
2018 7817839 7422
2019 7825261 4468
2020 7829729 2448
2021 7832177 1762
2022 7833939 3106
2023 7837045 3545
2024 7840590 2811
2025 7843401 5258
2026 7848659 1195
2027 7849854 1181
2028 7851035 3133
2029 7854168 7640
2030 7861808 7673
2031 7869481 1208
2032 7870689 6055
2033 7876744 1711
2034 7878455 2348
2035 7880803 4857
2036 7885660 1742
2037 7887402 3376
2038 7890778 1946
2039 7892724 1190
2040 7893914 2660
2041 7896574 689
2042 7897263 2819
2043 7900082 5229
2044 7905311 205
2045 7905516 1675
2046 7907191 2853
2047 7910044 4181
2048 7914225 1270
2049 7915495 1130
2050 7916625 1637
2051 7918262 1201
2052 7919463 1681
2053 7921144 884
2054 7922028 849
2055 7922877 7864
2056 7930741 1525
2057 7932266 1177
2058 7933443 2718
2059 7936161 2370
2060 7938531 1365
2061 7939896 1048
2062 7940944 3691
2063 7944635 3091
2064 7947726 1483
2065 7949209 8372
2066 7957581 1482
2067 7959063 2075
2068 7961138 975
2069 7962113 1685
2070 7963798 1644
2071 7965442 933
2072 7966375 2446
2073 7968821 9665
2074 7978486 3978
2075 7982464 3768
2076 7986232 1663
2077 7987895 2713
2078 7990608 2694
2079 7993302 526
2080 7993828 4162
2081 7997990 6084
2082 8004074 1750
2083 8005824 3605
2084 8009429 2467
2085 8011896 6035
2086 8017931 5792
2087 8023723 7778
2088 8031501 4951
2089 8036452 919
2090 8037371 1285
2091 8038656 2045
2092 8040701 3506
2093 8044207 618
2094 8044825 2922
2095 8047747 3517
2096 8051264 5624
2097 8056888 5106
2098 8061994 9180
2099 8071174 5560
2100 8076734 2035
2101 8078769 7367
2102 8086136 2006
2103 8088142 3500
2104 8091642 3746
2105 8095388 2620
2106 8098008 8378
2107 8106386 1320
2108 8107706 1896
2109 8109602 3100
2110 8112702 4572
2111 8117274 2037
2112 8119311 1213
2113 8120524 1233
2114 8121757 5301
2115 8127058 2795
2116 8129853 4028
2117 8133881 1150
2118 8135031 2158
2119 8137189 2906
2120 8140095 7333
2121 8147428 751
2122 8148179 875
2123 8149054 686
2124 8149740 585
2125 8150325 1355
2126 8151680 3538
2127 8155218 3753
2128 8158971 526
2129 8159497 2099
2130 8161596 1352
2131 8162948 3410
2132 8166358 6264
2133 8172622 3282
2134 8175904 5338
2135 8181242 3024
2136 8184266 3825
2137 8188091 3304
2138 8191395 3053
2139 8194448 2115
2140 8196563 1949
2141 8198512 3212
2142 8201724 3791
2143 8205515 225
2144 8205740 1956
2145 8207696 2186
2146 8209882 3823
2147 8213705 3814
2148 8217519 3636
2149 8221155 10089
2150 8231244 3838
2151 8235082 3462
2152 8238544 4232
2153 8242776 1531
2154 8244307 1472
2155 8245779 2367
2156 8248146 1964
2157 8250110 3116
2158 8253226 2775
2159 8256001 1933
2160 8257934 2402
2161 8260336 216
2162 8260552 178
2163 8260730 206
2164 8260936 178
2165 8261114 623
2166 8261737 657
2167 8262394 630
2168 8263024 675
2169 8263699 657
2170 8264356 633
2171 8264989 191
2172 8265180 603
2173 8265783 626
2174 8266409 689
2175 8267098 232
2176 8267330 178
2177 8267508 660
2178 8268168 172
2179 8268340 670
2180 8269010 640
2181 8269650 635
2182 8270285 638
2183 8270923 638
2184 8271561 638
2185 8272199 635
2186 8272834 629
2187 8273463 640
2188 8274103 644
2189 8274747 193
2190 8274940 656
2191 8275596 639
2192 8276235 626
2193 8276861 181
2194 8277042 632
2195 8277674 221
2196 8277895 685
2197 8278580 222
2198 8278802 628
2199 8279430 371
2200 8279801 193
2201 8279994 673
2202 8280667 658
2203 8281325 574
2204 8281899 641
2205 8282540 684
2206 8283224 637
2207 8283861 669
2208 8284530 654
2209 8285184 642
2210 8285826 662
2211 8286488 655
2212 8287143 665
2213 8287808 659
2214 8288467 218
2215 8288685 636
2216 8289321 623
2217 8289944 657
2218 8290601 630
2219 8291231 678
2220 8291909 635
2221 8292544 631
2222 8293175 222
2223 8293397 556
2224 8293953 626
2225 8294579 212
2226 8294791 656
2227 8295447 641
2228 8296088 626
2229 8296714 227
2230 8296941 627
2231 8297568 180
2232 8297748 674
2233 8298422 626
2234 8299048 180
2235 8299228 198
2236 8299426 191
2237 8299617 218
2238 8299835 632
2239 8300467 660
2240 8301127 630
2241 8301757 673
2242 8302430 669
2243 8303099 636
2244 8303735 223
2245 8303958 556
2246 8304514 626
2247 8305140 209
2248 8305349 295
2249 8305644 312
2250 8305956 192
2251 8306148 656
2252 8306804 639
2253 8307443 218
2254 8307661 289
2255 8307950 311
2256 8308261 667
2257 8308928 180
2258 8309108 269
2259 8309377 626
2260 8310003 200
2261 8310203 243
2262 8310446 661
2263 8311107 683
2264 8311790 635
2265 8312425 641
2266 8313066 636
2267 8313702 640
2268 8314342 189
2269 8314531 556
2270 8315087 660
2271 8315747 220
2272 8315967 202
2273 8316169 659
2274 8316828 638
2275 8317466 660
2276 8318126 212
2277 8318338 656
2278 8318994 194
2279 8319188 634
2280 8319822 198
2281 8320020 631
2282 8320651 660
2283 8321311 647
2284 8321958 660
2285 8322618 647
2286 8323265 674
2287 8323939 662
2288 8324601 660
2289 8325261 662
2290 8325923 656
2291 8326579 636
2292 8327215 206
2293 8327421 633
2294 8328054 622
2295 8328676 626
2296 8329302 629
2297 8329931 637
2298 8330568 645
2299 8331213 637
2300 8331850 660
2301 8332510 602
2302 8333112 658
2303 8333770 200
2304 8333970 643
2305 8334613 639
2306 8335252 637
2307 8335889 639
2308 8336528 636
2309 8337164 222
2310 8337386 636
2311 8338022 667
2312 8338689 178
2313 8338867 645
2314 8339512 660
2315 8340172 668
2316 8340840 668
2317 8341508 179
2318 8341687 626
2319 8342313 217
2320 8342530 197
2321 8342727 191
2322 8342918 619
2323 8343537 630
2324 8344167 637
2325 8344804 645
2326 8345449 638
2327 8346087 192
2328 8346279 602
2329 8346881 660
2330 8347541 629
2331 8348170 640
2332 8348810 626
2333 8349436 222
2334 8349658 633
2335 8350291 190
2336 8350481 643
2337 8351124 660
2338 8351784 217
2339 8352001 172
2340 8352173 191
2341 8352364 620
2342 8352984 630
2343 8353614 638
2344 8354252 647
2345 8354899 639
2346 8355538 636
2347 8356174 192
2348 8356366 604
2349 8356970 658
2350 8357628 215
2351 8357843 624
2352 8358467 284
2353 8358751 179
2354 8358930 219
2355 8359149 708
2356 8359857 172
2357 8360029 645
2358 8360674 659
2359 8361333 194
2360 8361527 212
2361 8361739 206
2362 8361945 194
2363 8362139 188
2364 8362327 194
2365 8362521 206
2366 8362727 621
2367 8363348 191
2368 8363539 221
2369 8363760 637
2370 8364397 637
2371 8365034 623
2372 8365657 631
2373 8366288 638
2374 8366926 645
2375 8367571 638
2376 8368209 634
2377 8368843 189
2378 8369032 641
2379 8369673 659
2380 8370332 659
2381 8370991 221
2382 8371212 631
2383 8371843 199
2384 8372042 193
2385 8372235 647
2386 8372882 659
2387 8373541 172
2388 8373713 191
2389 8373904 216
2390 8374120 634
2391 8374754 638
2392 8375392 647
2393 8376039 638
2394 8376677 635
2395 8377312 185
2396 8377497 601
2397 8378098 659
2398 8378757 205
2399 8378962 641
2400 8379603 622
2401 8380225 659
2402 8380884 231
2403 8381115 630
2404 8381745 639
2405 8382384 179
2406 8382563 647
2407 8383210 659
2408 8383869 177
2409 8384046 629
2410 8384675 198
2411 8384873 184
2412 8385057 166
2413 8385223 621
2414 8385844 632
2415 8386476 638
2416 8387114 639
2417 8387753 636
2418 8388389 659
2419 8389048 191
2420 8389239 693
2421 8389932 231
2422 8390163 640
2423 8390803 626
2424 8391429 202
2425 8391631 659
2426 8392290 682
2427 8392972 674
2428 8393646 631
2429 8394277 193
2430 8394470 213
2431 8394683 647
2432 8395330 658
2433 8395988 675
2434 8396663 650
2435 8397313 662
2436 8397975 654
2437 8398629 669
2438 8399298 667
2439 8399965 665
2440 8400630 641
2441 8401271 637
2442 8401908 634
2443 8402542 623
2444 8403165 633
2445 8403798 648
2446 8404446 638
2447 8405084 667
2448 8405751 601
2449 8406352 627
2450 8406979 659
2451 8407638 648
2452 8408286 199
2453 8408485 625
2454 8409110 662
2455 8409772 659
2456 8410431 221
2457 8410652 628
2458 8411280 179
2459 8411459 647
2460 8412106 240
2461 8412346 230
2462 8412576 166
2463 8412742 631
2464 8413373 651
2465 8414024 640
2466 8414664 642
2467 8415306 191
2468 8415497 659
2469 8416156 197
2470 8416353 640
2471 8416993 624
2472 8417617 258
2473 8417875 181
2474 8418056 184
2475 8418240 209
2476 8418449 627
2477 8419076 179
2478 8419255 646
2479 8419901 659
2480 8420560 226
2481 8420786 233
2482 8421019 617
2483 8421636 185
2484 8421821 602
2485 8422423 166
2486 8422589 173
2487 8422762 203
2488 8422965 641
2489 8423606 640
2490 8424246 639
2491 8424885 216
2492 8425101 621
2493 8425722 633
2494 8426355 638
2495 8426993 638
2496 8427631 667
2497 8428298 660
2498 8428958 641
2499 8429599 624
2500 8430223 660
2501 8430883 250
2502 8431133 690
2503 8431823 614
2504 8432437 202
2505 8432639 639
2506 8433278 677
2507 8433955 221
2508 8434176 633
2509 8434809 648
2510 8435457 188
2511 8435645 660
2512 8436305 190
2513 8436495 664
2514 8437159 693
2515 8437852 673
2516 8438525 652
2517 8439177 664
2518 8439841 692
2519 8440533 218
2520 8440751 634
2521 8441385 638
2522 8442023 620
2523 8442643 632
2524 8443275 638
2525 8443913 648
2526 8444561 692
2527 8445253 192
2528 8445445 603
2529 8446048 193
2530 8446241 642
2531 8446883 660
2532 8447543 242
2533 8447785 241
2534 8448026 636
2535 8448662 644
2536 8449306 660
2537 8449966 215
2538 8450181 218
2539 8450399 230
2540 8450629 218
2541 8450847 633
2542 8451480 645
2543 8452125 654
2544 8452779 198
2545 8452977 602
2546 8453579 660
2547 8454239 650
2548 8454889 208
2549 8455097 640
2550 8455737 660
2551 8456397 208
2552 8456605 191
2553 8456796 644
2554 8457440 213
2555 8457653 661
2556 8458314 660
2557 8458974 603
2558 8459577 231
2559 8459808 660
2560 8460468 187
2561 8460655 622
2562 8461277 660
2563 8461937 640
2564 8462577 238
2565 8462815 625
2566 8463440 627
2567 8464067 196
2568 8464263 190
2569 8464453 638
2570 8465091 642
2571 8465733 672
2572 8466405 641
2573 8467046 664
2574 8467710 662
2575 8468372 1046
2576 8469418 1102
2577 8470520 2177
2578 8472697 1948
2579 8474645 6223
2580 8480868 3644
2581 8484512 647
2582 8485159 1853
2583 8487012 3097
2584 8490109 1274
2585 8491383 2317
2586 8493700 1129
2587 8494829 3496
2588 8498325 4344
2589 8502669 6304
2590 8508973 3771
2591 8512744 728
2592 8513472 4293
2593 8517765 553
2594 8518318 1015
2595 8519333 1600
2596 8520933 3605
2597 8524538 2714
2598 8527252 3147
2599 8530399 818
2600 8531217 7198
2601 8538415 3164
2602 8541579 2690
2603 8544269 2566
2604 8546835 2058
2605 8548893 1878
2606 8550771 4452
2607 8555223 1439
2608 8556662 4441
2609 8561103 3898
2610 8565001 5697
2611 8570698 4547
2612 8575245 1817
2613 8577062 1286
2614 8578348 6460
2615 8584808 2555
2616 8587363 3464
2617 8590827 2729
2618 8593556 10516
2619 8604072 780
2620 8604852 6830
2621 8611682 2221
2622 8613903 2407
2623 8616310 2386
2624 8618696 1363
2625 8620059 2962
2626 8623021 10188
2627 8633209 3985
2628 8637194 473
2629 8637667 1852
2630 8639519 3359
2631 8642878 3599
2632 8646477 9709
2633 8656186 2201
2634 8658387 1128
2635 8659515 797
2636 8660312 1071
2637 8661383 1849
2638 8663232 3472
2639 8666704 6362
2640 8673066 4831
2641 8677897 1723
2642 8679620 1708
2643 8681328 1727
2644 8683055 6819
2645 8689874 1513
2646 8691387 2597
2647 8693984 2594
2648 8696578 2012
2649 8698590 3132
2650 8701722 999
2651 8702721 6656
2652 8709377 1163
2653 8710540 804
2654 8711344 2860
2655 8714204 9085
2656 8723289 7370
2657 8730659 1847
2658 8732506 5506
2659 8738012 3616
2660 8741628 1525
2661 8743153 657
2662 8743810 3300
2663 8747110 9186
2664 8756296 2895
2665 8759191 2233
2666 8761424 5730
2667 8767154 1316
2668 8768470 4428
2669 8772898 2569
2670 8775467 1554
2671 8777021 1151
2672 8778172 2533
2673 8780705 4377
2674 8785082 2942
2675 8788024 5447
2676 8793471 5881
2677 8799352 4480
2678 8803832 2083
2679 8805915 1085
2680 8807000 2654
2681 8809654 5798
2682 8815452 963
2683 8816415 1750
2684 8818165 7488
2685 8825653 2242
2686 8827895 2447
2687 8830342 1409
2688 8831751 598
2689 8832349 5019
2690 8837368 11639
2691 8849007 1233
2692 8850240 1045
2693 8851285 1280
2694 8852565 2198
2695 8854763 5202
2696 8859965 3038
2697 8863003 2864
2698 8865867 2262
2699 8868129 1779
2700 8869908 1476
2701 8871384 7366
2702 8878750 4618
2703 8883368 12606
2704 8895974 2428
2705 8898402 1461
2706 8899863 3124
2707 8902987 3896
2708 8906883 1146
2709 8908029 2401
2710 8910430 1975
2711 8912405 2376
2712 8914781 3481
2713 8918262 986
2714 8919248 5225
2715 8924473 4449
2716 8928922 2765
2717 8931687 30938
2718 8962625 5302
2719 8967927 2860
2720 8970787 1980
2721 8972767 1241
2722 8974008 3245
2723 8977253 3748
2724 8981001 3618
2725 8984619 14618
2726 8999237 4833
2727 9004070 2634
2728 9006704 3583
2729 9010287 19808
2730 9030095 4011
2731 9034106 1265
2732 9035371 4185
2733 9039556 5360
2734 9044916 4332
2735 9049248 3806
2736 9053054 4384
2737 9057438 3081
2738 9060519 1701
2739 9062220 4316
2740 9066536 3748
2741 9070284 4009
2742 9074293 4171
2743 9078464 3555
2744 9082019 3655
2745 9085674 4016
2746 9089690 3483
2747 9093173 4322
2748 9097495 3775
2749 9101270 4731
2750 9106001 4033
2751 9110034 4788
2752 9114822 3963
2753 9118785 3490
2754 9122275 3102
2755 9125377 3144
2756 9128521 3279
2757 9131800 19368
2758 9151168 3419
2759 9154587 1565
2760 9156152 3465
2761 9159617 3527
2762 9163144 19553
2763 9182697 4685
2764 9187382 1522
2765 9188904 3425
2766 9192329 4860
2767 9197189 4158
2768 9201347 3354
2769 9204701 1238
2770 9205939 5457
2771 9211396 3787
2772 9215183 5077
2773 9220260 3183
2774 9223443 3301
2775 9226744 3650
2776 9230394 3742
2777 9234136 3492
2778 9237628 2748
2779 9240376 3658
2780 9244034 3207
2781 9247241 3562
2782 9250803 4528
2783 9255331 3793
2784 9259124 3633
2785 9262757 1606
2786 9264363 1250
2787 9265613 2972
2788 9268585 4083
2789 9272668 2860
2790 9275528 3540
2791 9279068 2624
2792 9281692 1121
2793 9282813 19826
2794 9302639 4834
2795 9307473 4827
2796 9312300 3287
2797 9315587 8089
2798 9323676 11553
2799 9335229 2051
2800 9337280 3611
2801 9340891 5173
2802 9346064 5338
2803 9351402 5166
2804 9356568 1037
2805 9357605 7202
2806 9364807 2947
2807 9367754 9539
2808 9377293 6428
2809 9383721 2889
2810 9386610 1598
2811 9388208 2925
2812 9391133 1776
2813 9392909 9076
2814 9401985 2297
2815 9404282 8424
2816 9412706 6464
2817 9419170 3693
2818 9422863 3386
2819 9426249 3418
2820 9429667 474
2821 9430141 3930
2822 9434071 3619
2823 9437690 2914
2824 9440604 2700
2825 9443304 6565
2826 9449869 9426
2827 9459295 8443
2828 9467738 9697
2829 9477435 10279
2830 9487714 5477
2831 9493191 6247
2832 9499438 3554
2833 9502992 3993
2834 9506985 2374
2835 9509359 1666
2836 9511025 3517
2837 9514542 6345
2838 9520887 3576
2839 9524463 4597
2840 9529060 3487
2841 9532547 11607
2842 9544154 5155
2843 9549309 6644
2844 9555953 4809
2845 9560762 1074
2846 9561836 4170
2847 9566006 3661
2848 9569667 3446
2849 9573113 4315
2850 9577428 4908
2851 9582336 4561
2852 9586897 7989
2853 9594886 2249
2854 9597135 5541
2855 9602676 4381
2856 9607057 4793
2857 9611850 2171
2858 9614021 2147
2859 9616168 1497
2860 9617665 3317
2861 9620982 4599
2862 9625581 4138
2863 9629719 6239
2864 9635958 1857
2865 9637815 5784
2866 9643599 7278
2867 9650877 1289
2868 9652166 3424
2869 9655590 4111
2870 9659701 1630
2871 9661331 7298
2872 9668629 2758
2873 9671387 10143
2874 9681530 4296
2875 9685826 5808
2876 9691634 818
2877 9692452 3760
2878 9696212 1979
2879 9698191 8513
2880 9706704 4232
2881 9710936 3233
2882 9714169 12865
2883 9727034 2379
2884 9729413 2435
2885 9731848 667
2886 9732515 1384
2887 9733899 10090
2888 9743989 879
2889 9744868 3521
2890 9748389 3842
2891 9752231 1430
2892 9753661 1075
2893 9754736 5767
2894 9760503 1220
2895 9761723 918
2896 9762641 10828
2897 9773469 1363
2898 9774832 17733
2899 9792565 9481
2900 9802046 2851
2901 9804897 3978
2902 9808875 1363
2903 9810238 5963
2904 9816201 1067
2905 9817268 885
2906 9818153 2309
2907 9820462 8173
2908 9828635 3262
2909 9831897 1849
2910 9833746 537
2911 9834283 1555
2912 9835838 2283
2913 9838121 3815
2914 9841936 5941
2915 9847877 1337
2916 9849214 3175
2917 9852389 1247
2918 9853636 1321
2919 9854957 1111
2920 9856068 5543
2921 9861611 937
2922 9862548 4371
2923 9866919 350
2924 9867269 8882
2925 9876151 3597
2926 9879748 1613
2927 9881361 1345
2928 9882706 6402
2929 9889108 4079
2930 9893187 1257
2931 9894444 2950
2932 9897394 2663
2933 9900057 1786
2934 9901843 4117
2935 9905960 12823
2936 9918783 1481
2937 9920264 4036
2938 9924300 3586
2939 9927886 1371
2940 9929257 1094
2941 9930351 3965
2942 9934316 6879
2943 9941195 12945
2944 9954140 1590
2945 9955730 1524
2946 9957254 1459
2947 9958713 2437
2948 9961150 2164
2949 9963314 1753
2950 9965067 1770
2951 9966837 1161
2952 9967998 1642
2953 9969640 811
2954 9970451 7027
2955 9977478 1483
2956 9978961 1089
2957 9980050 4673
2958 9984723 2428
2959 9987151 1171
2960 9988322 6440
2961 9994762 1776
2962 9996538 7557
2963 10004095 2171
2964 10006266 3997
2965 10010263 8337
2966 10018600 9533
2967 10028133 3646
2968 10031779 2229
2969 10034008 3395
2970 10037403 1685
2971 10039088 677
2972 10039765 668
2973 10040433 691
2974 10041124 672
2975 10041796 711
2976 10042507 689
2977 10043196 700
2978 10043896 646
2979 10044542 641
2980 10045183 664
2981 10045847 649
2982 10046496 727
2983 10047223 695
2984 10047918 673
2985 10048591 641
2986 10049232 684
2987 10049916 637
2988 10050553 669
2989 10051222 654
2990 10051876 642
2991 10052518 662
2992 10053180 665
2993 10053845 659
2994 10054504 677
2995 10055181 711
2996 10055892 661
2997 10056553 694
2998 10057247 674
2999 10057921 670
3000 10058591 689
3001 10059280 671
3002 10059951 677
3003 10060628 709
3004 10061337 664
3005 10062001 697
3006 10062698 683
3007 10063381 668
3008 10064049 684
3009 10064733 696
3010 10065429 672
3011 10066101 647
3012 10066748 680
3013 10067428 660
3014 10068088 670
3015 10068758 647
3016 10069405 662
3017 10070067 660
3018 10070727 662
3019 10071389 656
3020 10072045 668
3021 10072713 710
3022 10073423 666
3023 10074089 696
3024 10074785 676
3025 10075461 641
3026 10076102 679
3027 10076781 672
3028 10077453 674
3029 10078127 646
3030 10078773 665
3031 10079438 697
3032 10080135 672
3033 10080807 671
3034 10081478 674
3035 10082152 711
3036 10082863 665
3037 10083528 695
3038 10084223 660
3039 10084883 723
3040 10085606 677
3041 10086283 652
3042 10086935 681
3043 10087616 664
3044 10088280 675
3045 10088955 663
3046 10089618 650
3047 10090268 663
3048 10090931 658
3049 10091589 675
3050 10092264 659
3051 10092923 713
3052 10093636 686
3053 10094322 667
3054 10094989 696
3055 10095685 664
3056 10096349 667
3057 10097016 672
3058 10097688 670
3059 10098358 692
3060 10099050 673
3061 10099723 710
3062 10100433 666
3063 10101099 705
3064 10101804 648
3065 10102452 672
3066 10103124 691
3067 10103815 679
3068 10104494 666
3069 10105160 664
3070 10105824 721
3071 10106545 663
3072 10107208 675
3073 10107883 675
3074 10108558 650
3075 10109208 667
3076 10109875 666
3077 10110541 654
3078 10111195 669
3079 10111864 663
3080 10112527 667
3081 10113194 665
3082 10113859 682
3083 10114541 711
3084 10115252 636
3085 10115888 666
3086 10116554 696
3087 10117250 672
3088 10117922 707
3089 10118629 676
3090 10119305 708
3091 10120013 722
3092 10120735 646
3093 10121381 655
3094 10122036 694
3095 10122730 675
3096 10123405 674
3097 10124079 682
3098 10124761 711
3099 10125472 691
3100 10126163 670
3101 10126833 680
3102 10127513 718
3103 10128231 722
3104 10128953 670
3105 10129623 667
3106 10130290 656
3107 10130946 660
3108 10131606 664
3109 10132270 661
3110 10132931 693
3111 10133624 673
3112 10134297 652
3113 10134949 652
3114 10135601 663
3115 10136264 692
3116 10136956 682
3117 10137638 703
3118 10138341 665
3119 10139006 706
3120 10139712 695
3121 10140407 669
3122 10141076 694
3123 10141770 686
3124 10142456 698
3125 10143154 682
3126 10143836 681
3127 10144517 706
3128 10145223 662
3129 10145885 208
3130 10146093 191
3131 10146284 695
3132 10146979 678
3133 10147657 706
3134 10148363 714
3135 10149077 667
3136 10149744 672
3137 10150416 695
3138 10151111 659
3139 10151770 665
3140 10152435 660
3141 10153095 659
3142 10153754 701
3143 10154455 658
3144 10155113 672
3145 10155785 658
3146 10156443 641
3147 10157084 660
3148 10157744 664
3149 10158408 662
3150 10159070 659
3151 10159729 677
3152 10160406 657
3153 10161063 666
3154 10161729 702
3155 10162431 707
3156 10163138 722
3157 10163860 696
3158 10164556 662
3159 10165218 672
3160 10165890 693
3161 10166583 656
3162 10167239 695
3163 10167934 652
3164 10168586 668
3165 10169254 680
3166 10169934 665
3167 10170599 678
3168 10171277 702
3169 10171979 662
3170 10172641 655
3171 10173296 695
3172 10173991 680
3173 10174671 657
3174 10175328 702
3175 10176030 666
3176 10176696 683
3177 10177379 668
3178 10178047 678
3179 10178725 716
3180 10179441 711
3181 10180152 722
3182 10180874 664
3183 10181538 736
3184 10182274 693
3185 10182967 662
3186 10183629 667
3187 10184296 656
3188 10184952 687
3189 10185639 646
3190 10186285 652
3191 10186937 675
3192 10187612 655
3193 10188267 673
3194 10188940 660
3195 10189600 687
3196 10190287 651
3197 10190938 701
3198 10191639 685
3199 10192324 664
3200 10192988 694
3201 10193682 660
3202 10194342 666
3203 10195008 701
3204 10195709 688
3205 10196397 666
3206 10197063 679
3207 10197742 694
3208 10198436 660
3209 10199096 652
3210 10199748 704
3211 10200452 671
3212 10201123 664
3213 10201787 679
3214 10202466 657
3215 10203123 695
3216 10203818 734
3217 10204552 694
3218 10205246 666
3219 10205912 713
3220 10206625 712
3221 10207337 705
3222 10208042 721
3223 10208763 724
3224 10209487 698
3225 10210185 693
3226 10210878 694
3227 10211572 711
3228 10212283 696
3229 10212979 681
3230 10213660 704
3231 10214364 646
3232 10215010 657
3233 10215667 694
3234 10216361 667
3235 10217028 704
3236 10217732 667
3237 10218399 689
3238 10219088 668
3239 10219756 676
3240 10220432 655
3241 10221087 696
3242 10221783 681
3243 10222464 641
3244 10223105 705
3245 10223810 671
3246 10224481 670
3247 10225151 694
3248 10225845 676
3249 10226521 707
3250 10227228 658
3251 10227886 743
3252 10228629 742
3253 10229371 694
3254 10230065 678
3255 10230743 645
3256 10231388 654
3257 10232042 658
3258 10232700 665
3259 10233365 639
3260 10234004 685
3261 10234689 633
3262 10235322 643
3263 10235965 667
3264 10236632 682
3265 10237314 706
3266 10238020 657
3267 10238677 694
3268 10239371 218
3269 10239589 680
3270 10240269 698
3271 10240967 704
3272 10241671 687
3273 10242358 670
3274 10243028 694
3275 10243722 671
3276 10244393 681
3277 10245074 657
3278 10245731 685
3279 10246416 696
3280 10247112 705
3281 10247817 657
3282 10248474 692
3283 10249166 694
3284 10249860 659
3285 10250519 724
3286 10251243 690
3287 10251933 646
3288 10252579 660
3289 10253239 658
3290 10253897 655
3291 10254552 633
3292 10255185 656
3293 10255841 650
3294 10256491 656
3295 10257147 659
3296 10257806 654
3297 10258460 665
3298 10259125 703
3299 10259828 667
3300 10260495 692
3301 10261187 647
3302 10261834 675
3303 10262509 661
3304 10263170 725
3305 10263895 703
3306 10264598 696
3307 10265294 702
3308 10265996 667
3309 10266663 669
3310 10267332 684
3311 10268016 655
3312 10268671 669
3313 10269340 667
3314 10270007 695
3315 10270702 664
3316 10271366 687
3317 10272053 705
3318 10272758 702
3319 10273460 680
3320 10274140 672
3321 10274812 682
3322 10275494 667
3323 10276161 695
3324 10276856 669
3325 10277525 677
3326 10278202 662
3327 10278864 654
3328 10279518 649
3329 10280167 658
3330 10280825 642
3331 10281467 658
3332 10282125 675
3333 10282800 658
3334 10283458 654
3335 10284112 703
3336 10284815 686
3337 10285501 666
3338 10286167 702
3339 10286869 694
3340 10287563 668
3341 10288231 704
3342 10288935 671
3343 10289606 672
3344 10290278 699
3345 10290977 685
3346 10291662 666
3347 10292328 694
3348 10293022 691
3349 10293713 667
3350 10294380 704
3351 10295084 681
3352 10295765 693
3353 10296458 648
3354 10297106 653
3355 10297759 645
3356 10298404 699
3357 10299103 674
3358 10299777 674
3359 10300451 684
3360 10301135 666
3361 10301801 695
3362 10302496 672
3363 10303168 655
3364 10303823 661
3365 10304484 648
3366 10305132 651
3367 10305783 636
3368 10306419 664
3369 10307083 705
3370 10307788 690
3371 10308478 673
3372 10309151 652
3373 10309803 667
3374 10310470 649
3375 10311119 705
3376 10311824 668
3377 10312492 699
3378 10313191 666
3379 10313857 681
3380 10314538 659
3381 10315197 639
3382 10315836 695
3383 10316531 666
3384 10317197 705
3385 10317902 695
3386 10318597 667
3387 10319264 698
3388 10319962 675
3389 10320637 659
3390 10321296 695
3391 10321991 647
3392 10322638 655
3393 10323293 674
3394 10323967 677
3395 10324644 648
3396 10325292 676
3397 10325968 647
3398 10326615 639
3399 10327254 718
3400 10327972 645
3401 10328617 647
3402 10329264 635
3403 10329899 642
3404 10330541 668
3405 10331209 650
3406 10331859 694
3407 10332553 666
3408 10333219 704
3409 10333923 633
3410 10334556 676
3411 10335232 662
3412 10335894 799
3413 10336693 1113
3414 10337806 2956
3415 10340762 4428
3416 10345190 9696
3417 10354886 2208
3418 10357094 3183
3419 10360277 2118
3420 10362395 2299
3421 10364694 27060
3422 10391754 1912
3423 10393666 1792
3424 10395458 5392
3425 10400850 5482
3426 10406332 2519
3427 10408851 3430
3428 10412281 4794
3429 10417075 3745
3430 10420820 3398
3431 10424218 15506
3432 10439724 4162
3433 10443886 3615
3434 10447501 10175
3435 10457676 1700
3436 10459376 1521
3437 10460897 5886
3438 10466783 10978
3439 10477761 5272
3440 10483033 3874
3441 10486907 2217
3442 10489124 1328
3443 10490452 686
3444 10491138 1552
3445 10492690 4671
3446 10497361 2757
3447 10500118 1973
3448 10502091 8813
3449 10510904 6293
3450 10517197 5213
3451 10522410 1994
3452 10524404 2990
3453 10527394 2960
3454 10530354 7532
3455 10537886 1718
3456 10539604 2138
3457 10541742 2613
3458 10544355 1720
3459 10546075 1622
3460 10547697 10939
3461 10558636 7636
3462 10566272 3402
3463 10569674 3059
3464 10572733 1921
3465 10574654 5596
3466 10580250 3229
3467 10583479 599
3468 10584078 3678
3469 10587756 6931
3470 10594687 2385
3471 10597072 3574
3472 10600646 5648
3473 10606294 7376
3474 10613670 3961
3475 10617631 7369
3476 10625000 4404
3477 10629404 2367
3478 10631771 2301
3479 10634072 1730
3480 10635802 15334
3481 10651136 9319
3482 10660455 5415
3483 10665870 1393
3484 10667263 5718
3485 10672981 1415
3486 10674396 6586
3487 10680982 4655
3488 10685637 4631
3489 10690268 9790
3490 10700058 1753
3491 10701811 15728
3492 10717539 9619
3493 10727158 3931
3494 10731089 7918
3495 10739007 13801
3496 10752808 3819
3497 10756627 14113
3498 10770740 5421
3499 10776161 5145
3500 10781306 7838
3501 10789144 5332
3502 10794476 11021
3503 10805497 1846
3504 10807343 7281
3505 10814624 7940
3506 10822564 492
3507 10823056 5227
3508 10828283 2508
3509 10830791 3095
3510 10833886 3893
3511 10837779 763
3512 10838542 885
3513 10839427 1498
3514 10840925 2632
3515 10843557 3284
3516 10846841 4840
3517 10851681 601
3518 10852282 3467
3519 10855749 3777
3520 10859526 9870
3521 10869396 1645
3522 10871041 5594
3523 10876635 3682
3524 10880317 1996
3525 10882313 4408
3526 10886721 1378
3527 10888099 4590
3528 10892689 2595
3529 10895284 3589
3530 10898873 1817
3531 10900690 1497
3532 10902187 1519
3533 10903706 4730
3534 10908436 2905
3535 10911341 8573
3536 10919914 5320
3537 10925234 7138
3538 10932372 1208
3539 10933580 2815
3540 10936395 2602
3541 10938997 1962
3542 10940959 2331
3543 10943290 538
3544 10943828 5895
3545 10949723 531
3546 10950254 2087
3547 10952341 6639
3548 10958980 5894
3549 10964874 2532
3550 10967406 8953
3551 10976359 3905
3552 10980264 8968
3553 10989232 3405
3554 10992637 1479
3555 10994116 1034
3556 10995150 5608
3557 11000758 1808
3558 11002566 5945
3559 11008511 2266
3560 11010777 2630
3561 11013407 5415
3562 11018822 3934
3563 11022756 13783
3564 11036539 3838
3565 11040377 1861
3566 11042238 3651
3567 11045889 6606
3568 11052495 2973
3569 11055468 577
3570 11056045 4702
3571 11060747 4568
3572 11065315 2722
3573 11068037 4755
3574 11072792 2170
3575 11074962 752
3576 11075714 2708
3577 11078422 740
3578 11079162 5965
3579 11085127 3341
3580 11088468 8958
3581 11097426 4030
3582 11101456 2056
3583 11103512 3437
3584 11106949 7603
3585 11114552 2647
3586 11117199 2744
3587 11119943 9675
3588 11129618 19352
3589 11148970 3123
3590 11152093 2760
3591 11154853 5383
3592 11160236 2268
3593 11162504 4274
3594 11166778 6603
3595 11173381 977
3596 11174358 4896
3597 11179254 8295
3598 11187549 5362
3599 11192911 6693
3600 11199604 937
3601 11200541 3802
3602 11204343 2966
3603 11207309 3601
3604 11210910 2557
3605 11213467 3717
3606 11217184 4703
3607 11221887 9647
3608 11231534 9654
3609 11241188 11546
3610 11252734 2170
3611 11254904 4813
3612 11259717 3035
3613 11262752 1665
3614 11264417 5803
3615 11270220 2048
3616 11272268 1940
3617 11274208 8409
3618 11282617 8812
3619 11291429 2775
3620 11294204 4510
3621 11298714 3165
3622 11301879 1961
3623 11303840 10666
3624 11314506 6299
3625 11320805 4900
3626 11325705 5323
3627 11331028 1337
3628 11332365 1873
3629 11334238 3622
3630 11337860 213
3631 11338073 3721
3632 11341794 2550
3633 11344344 7705
3634 11352049 7022
3635 11359071 6505
3636 11365576 8819
3637 11374395 3170
3638 11377565 2830
3639 11380395 1863
3640 11382258 7080
3641 11389338 3431
3642 11392769 2670
3643 11395439 1182
3644 11396621 11656
3645 11408277 10860
3646 11419137 6956
3647 11426093 8956
3648 11435049 2312
3649 11437361 539
3650 11437900 2794
3651 11440694 642
3652 11441336 6392
3653 11447728 4319
3654 11452047 2341
3655 11454388 9212
3656 11463600 6540
3657 11470140 1581
3658 11471721 7433
3659 11479154 2752
3660 11481906 7703
3661 11489609 4494
3662 11494103 2959
3663 11497062 6329
3664 11503391 9273
3665 11512664 2993
3666 11515657 4405
3667 11520062 1735
3668 11521797 6537
3669 11528334 5494
3670 11533828 5253
3671 11539081 8049
3672 11547130 1857
3673 11548987 2839
3674 11551826 7413
3675 11559239 1306
3676 11560545 1084
3677 11561629 9086
3678 11570715 11275
3679 11581990 9260
3680 11591250 16015
3681 11607265 8762
3682 11616027 7389
3683 11623416 19513
3684 11642929 13563
3685 11656492 5491
3686 11661983 499
3687 11662482 839
3688 11663321 3203
3689 11666524 7349
3690 11673873 546
3691 11674419 1544
3692 11675963 3466
3693 11679429 2110
3694 11681539 9176
3695 11690715 8030
3696 11698745 8573
3697 11707318 4698
3698 11712016 2696
3699 11714712 4090
3700 11718802 5087
3701 11723889 7159
3702 11731048 3414
3703 11734462 2841
3704 11737303 686
3705 11737989 1059
3706 11739048 1647
3707 11740695 6685
3708 11747380 1355
3709 11748735 11458
3710 11760193 6355
3711 11766548 4446
3712 11770994 25813
3713 11796807 3757
3714 11800564 5150
3715 11805714 8413
3716 11814127 9780
3717 11823907 4640
3718 11828547 6380
3719 11834927 9606
3720 11844533 12854
3721 11857387 4699
3722 11862086 10967
3723 11873053 6281
3724 11879334 5118
3725 11884452 1764
3726 11886216 3823
3727 11890039 4774
3728 11894813 3717
3729 11898530 10725
3730 11909255 9923
3731 11919178 6857
3732 11926035 6118
3733 11932153 6596
3734 11938749 5814
3735 11944563 4107
3736 11948670 3916
3737 11952586 3512
3738 11956098 3851
3739 11959949 3341
3740 11963290 12285
3741 11975575 12852
3742 11988427 4238
3743 11992665 2870
3744 11995535 5581
3745 12001116 15927
3746 12017043 4302
3747 12021345 726
3748 12022071 1211
3749 12023282 4419
3750 12027701 4393
3751 12032094 2098
3752 12034192 6716
3753 12040908 8843
3754 12049751 7756
3755 12057507 10707
3756 12068214 7014
3757 12075228 8957
3758 12084185 2351
3759 12086536 8173
3760 12094709 8305
3761 12103014 3906
3762 12106920 5766
3763 12112686 10277
3764 12122963 13753
3765 12136716 4696
3766 12141412 538
3767 12141950 1542
3768 12143492 3097
3769 12146589 2692
3770 12149281 2760
3771 12152041 1932
3772 12153973 2451
3773 12156424 7177
3774 12163601 1569
3775 12165170 1160
3776 12166330 1160
3777 12167490 1152
3778 12168642 1160
3779 12169802 1160
3780 12170962 1160
3781 12172122 1160
3782 12173282 1160
3783 12174442 1160
3784 12175602 803
3785 12176405 1135
3786 12177540 8095
3787 12185635 5561
3788 12191196 1335
3789 12192531 2019
3790 12194550 4770
3791 12199320 6800
3792 12206120 8201
3793 12214321 3931
3794 12218252 5505
3795 12223757 1259
3796 12225016 8871
3797 12233887 2075
3798 12235962 4470
3799 12240432 1957
3800 12242389 9319
3801 12251708 2415
3802 12254123 1283
3803 12255406 2936
3804 12258342 2170
3805 12260512 3027
3806 12263539 953
3807 12264492 3783
3808 12268275 2609
3809 12270884 1527
3810 12272411 3422
3811 12275833 1669
3812 12277502 6387
3813 12283889 2481
3814 12286370 2168
3815 12288538 5087
3816 12293625 8583
3817 12302208 5205
3818 12307413 1103
3819 12308516 1478
3820 12309994 2481
3821 12312475 2377
3822 12314852 1835
3823 12316687 3518
3824 12320205 2435
3825 12322640 3942
3826 12326582 3770
3827 12330352 452
3828 12330804 13402
3829 12344206 9619
3830 12353825 2099
3831 12355924 2447
3832 12358371 2671
3833 12361042 6398
3834 12367440 8013
3835 12375453 5245
3836 12380698 5963
3837 12386661 4575
3838 12391236 2511
3839 12393747 2499
3840 12396246 7430
3841 12403676 8527
3842 12412203 5421
3843 12417624 659
3844 12418283 2810
3845 12421093 1150
3846 12422243 1793
3847 12424036 1936
3848 12425972 652
3849 12426624 493
3850 12427117 616
3851 12427733 2588
3852 12430321 2530
3853 12432851 1933
3854 12434784 5785
3855 12440569 2048
3856 12442617 3836
3857 12446453 8149
3858 12454602 4203
3859 12458805 2399
3860 12461204 1589
3861 12462793 3024
3862 12465817 1791
3863 12467608 8322
3864 12475930 1711
3865 12477641 431
3866 12478072 441
3867 12478513 457
3868 12478970 501
3869 12479471 471
3870 12479942 479
3871 12480421 503
3872 12480924 539
3873 12481463 487
3874 12481950 517
3875 12482467 493
3876 12482960 485
3877 12483445 501
3878 12483946 469
3879 12484415 537
